0.3479	0.5368	0.12103441	0.28815424	0.042107871	0.014649328	1
1.5619	2.0675	2.43953161	4.27455625	3.810304422	5.951314476	0
-0.5703	-0.7479	0.32524209	0.55935441	-0.185485564	0.105782417	1
0.5127	0.9475	0.26286129	0.89775625	0.134768983	0.069096058	1
0.068	2.2695	0.004624	5.15063025	0.000314432	2.13814E-05	0
-1.5826	0.0122	2.50462276	0.00014884	-3.96381598	6.27313517	0.00E+00
0.3669	1.1191	0.13461561	1.25238481	0.049390467	0.018121362	1
-1.1882	0.477	1.41181924	0.227529	-1.677523621	1.993233566	0
0.4843	1.1668	0.23454649	1.36142224	0.113590865	0.055012056	0
-1.0078	-0.1322	1.01566084	0.01747684	-1.023582995	1.031566942	1
-1.1218	1.0295	1.25843524	1.05987025	-1.411712652	1.583659253	0
0.8867	-0.4767	0.78623689	0.22724289	0.69715625	0.618168447	1
-0.3039	0.6964	0.09235521	0.48497296	-0.028066748	0.008529485	1
0.4237	-1.2465	0.17952169	1.55376225	0.07606334	0.032228037	0
-1.2446	-0.1865	1.54902916	0.03478225	-1.927921693	2.399491339	0
-0.3205	-1.7556	0.10272025	3.08213136	-0.03292184	0.01055145	0
-0.1257	-2.8002	0.01580049	7.84112004	-0.001986122	0.000249655	0
-0.1425	0.2921	0.02030625	0.08532241	-0.002893641	0.000412344	1
0.0199	0.6196	0.00039601	0.38390416	7.8806E-06	1.56824E-07	1
0.4518	-0.0972	0.20412324	0.00944784	0.09222288	0.041666297	1
1.5113	2.1248	2.28402769	4.51477504	3.451851048	5.216782489	0
-1.7187	0.9253	2.95392969	0.85618009	-5.076918958	8.725700613	0
0.2895	-0.8539	0.08381025	0.72914521	0.024263067	0.007024158	1
-0.1698	1.2107	0.02883204	1.46579449	-0.00489568	0.000831287	1
-2.2757	-0.7438	5.17881049	0.55323844	-11.78541903	26.82007809	0
-0.4149	0.0848	0.17214201	0.00719104	-0.07142172	0.029632872	1
-0.1182	-0.1131	0.01397124	0.01279161	-0.001651401	0.000195196	1
-1.8857	-0.2834	3.55586449	0.08031556	-6.705293669	12.64417227	0
-0.7989	0.7499	0.63824121	0.56235001	-0.509890903	0.407351842	1
-0.3679	-0.1747	0.13535041	0.03052009	-0.049795416	0.018319733	1
-1.3172	1.0277	1.73501584	1.05616729	-2.285362864	3.010279965	0
-0.3677	-1.1082	0.13520329	1.22810724	-0.04971425	0.01827993	1
-0.0079	2.8609	0.00006241	8.18474881	-4.93039E-07	3.89501E-09	0
0.0079	1.071	0.00006241	1.147041	4.93039E-07	3.89501E-09	1
-0.5899	-0.7967	0.34798201	0.63473089	-0.205274588	0.121091479	1
0.9413	-1.1411	0.88604569	1.30210921	0.834034808	0.785076965	0
1.5899	-0.7768	2.52778201	0.60341824	4.018920618	6.38968189	0
-2.1258	-1.3086	4.51902564	1.71243396	-9.606544706	20.42159273	0
0.9059	-0.6694	0.82065481	0.44809636	0.743431192	0.673474317	1
0.3121	-0.258	0.09740641	0.066564	0.030400541	0.009488009	1
-1.7724	0.5919	3.14140176	0.35034561	-5.567820479	9.868405018	0
-0.0638	0.3501	0.00407044	0.12257001	-0.000259694	1.65685E-05	1
-0.1653	-0.3407	0.02732409	0.11607649	-0.004516672	0.000746606	1
1.0332	-0.1403	1.06750224	0.01968409	1.102943314	1.139561032	1
0.0032	0.2313	0.00001024	0.05349969	3.2768E-08	1.04858E-10	1
-1.2044	0.256	1.45057936	0.065536	-1.747077781	2.10418048	0
-1.2261	0.3727	1.50332121	0.13890529	-1.843222136	2.25997466	0
-0.2119	0.934	0.04490161	0.872356	-0.009514651	0.002016155	1
0.7551	-0.4215	0.57017601	0.17766225	0.430539905	0.325100682	1
-0.8789	-0.8161	0.77246521	0.66601921	-0.678919673	0.596702501	1
-1.0567	0.3904	1.11661489	0.15241216	-1.179926954	1.246828813	1
-0.8328	-1.5363	0.69355584	2.36021769	-0.577593304	0.481019703	0
2.5054	0.1319	6.27702916	0.01739761	15.72646886	39.40109508	0
1.8423	-0.0801	3.39406929	0.00641601	6.252893853	11.51970635	0
-0.1084	0.9808	0.01175056	0.96196864	-0.001273761	0.000138076	1
2.4201	0.5783	5.85688401	0.33443089	14.17424499	34.30309031	0
-0.7094	1.1139	0.50324836	1.24077321	-0.357004387	0.253258912	0
-0.0538	-0.8818	0.00289444	0.77757124	-0.000155721	8.37778E-06	1
1.4136	-0.6567	1.99826496	0.43125489	2.824747347	3.99306285	0
-0.4274	0.5543	0.18267076	0.30724849	-0.078073483	0.033368607	1
-0.855	0.9641	0.731025	0.92948881	-0.625026375	0.534397551	0
0.0466	0.6644	0.00217156	0.44142736	0.000101195	4.71567E-06	1
-0.1121	1.8158	0.01256641	3.29712964	-0.001408695	0.000157915	0
0.3341	1.1305	0.11162281	1.27803025	0.037293181	0.012459652	1
1.3028	0.8294	1.69728784	0.68790436	2.211226598	2.880786012	0
0.0871	1.4046	0.00758641	1.97290116	0.000660776	5.75536E-05	0
-1.4036	0.0732	1.97009296	0.00535824	-2.765222479	3.881266271	0
-1.385	0.5888	1.918225	0.34668544	-2.656741625	3.679587151	0
0.0064	-0.2736	0.00004096	0.07485696	2.62144E-07	1.67772E-09	1
0.767	0.4747	0.588289	0.22534009	0.451217663	0.346083948	1
-0.8932	-1.0835	0.79780624	1.17397225	-0.712600534	0.636494797	0
-0.574	-3.2207	0.329476	10.37290849	-0.189119224	0.108554435	0
1.5272	1.2253	2.33233984	1.50136009	3.561949404	5.439809129	0
1.227	-0.3215	1.505529	0.10336225	1.847284083	2.26661757	0
2.2511	1.0525	5.06745121	1.10775625	11.40733942	25.67906177	0
-1.0897	-0.1744	1.18744609	0.03041536	-1.293960004	1.410028217	1
1.4766	-0.3716	2.18034756	0.13808656	3.219501207	4.753915482	0
-0.4213	0.812	0.17749369	0.659344	-0.074778092	0.03150401	1
-1.8378	2.2018	3.37750884	4.84792324	-6.207185746	11.40756596	0
-0.9852	0.1159	0.97061904	0.01343281	-0.956253878	0.942101321	1
-0.7877	1.8596	0.62047129	3.45811216	-0.488745235	0.384984622	0
-0.8163	0.3632	0.66634569	0.13191424	-0.543937987	0.444016579	1
0.1137	-0.6385	0.01292769	0.40768225	0.001469878	0.000167125	1
-0.1924	-1.2844	0.03701776	1.64968336	-0.007122217	0.001370315	0
-0.8021	-1.9549	0.64336441	3.82163401	-0.516042593	0.413917764	0
0.1148	-0.7669	0.01317904	0.58813561	0.001512954	0.000173687	1
0.2601	1.2526	0.06765201	1.56900676	0.017596288	0.004576794	0
0.3801	-0.781	0.14447601	0.609961	0.054915331	0.020873317	1
-0.667	2.4032	0.444889	5.77537024	-0.296740963	0.197926222	0
-0.0585	0.1235	0.00342225	0.01525225	-0.000200202	1.17118E-05	1
1.4013	0.3193	1.96364169	0.10195249	2.7516511	3.855888687	0
0.5366	0.3732	0.28793956	0.13927824	0.154508368	0.08290919	1
1.9855	-1.184	3.94221025	1.401856	7.827258451	15.54102166	0
1.1691	-2.9794	1.36679481	8.87682436	1.597919812	1.868128053	0
0.0497	1.3073	0.00247009	1.70903329	0.000122763	6.10134E-06	0
1.4275	-0.3377	2.03775625	0.11404129	2.908897047	4.152450534	0
-0.0439	-1.1978	0.00192721	1.43472484	-8.46045E-05	3.71414E-06	1
-0.095	-1.4832	0.009025	2.19988224	-0.000857375	8.14506E-05	0
-1.9289	-0.8771	3.72065521	0.76930441	-7.176771835	13.84327519	0
-0.6738	-0.1664	0.45400644	0.02768896	-0.305909539	0.206121848	1
2.1901	-1.0436	4.79653801	1.08910096	10.5048979	23.00677688	0
1.0226	1.0756	1.04571076	1.15691536	1.069343823	1.093510994	0
1.1809	1.0213	1.39452481	1.04305369	1.646794348	1.944699446	0
1.1592	0.4304	1.34374464	0.18524416	1.557668787	1.805649658	0
-1.6095	0.18	2.59049025	0.0324	-4.169394057	6.710639735	0
-0.681	0.3129	0.463761	0.09790641	-0.315821241	0.215074265	1
0.0595	-1.4676	0.00354025	2.15384976	0.000210645	1.25334E-05	0
0.6896	0.2431	0.47554816	0.05909761	0.327938011	0.226146052	1
1.2369	-0.1124	1.52992161	0.01263376	1.892360039	2.340660133	0
-0.2484	0.4975	0.06170256	0.24750625	-0.015326916	0.003807206	1
-0.4334	0.6763	0.18783556	0.45738169	-0.081407932	0.035282198	1
0.9927	-2.0367	0.98545329	4.14814689	0.978259481	0.971118187	0
1.7473	1.0159	3.05305729	1.03205281	5.334607003	9.321158816	0
0.168	1.542	0.028224	2.377764	0.004741632	0.000796594	0
0.1621	-0.5363	0.02627641	0.28761769	0.004259406	0.00069045	1
0.4273	0.3978	0.18258529	0.15824484	0.078018694	0.033337388	1
0.7936	-0.3963	0.62980096	0.15705369	0.499810042	0.396649249	1
0.4707	0.7915	0.22155849	0.62647225	0.104287581	0.049088164	1
0.8491	0.6382	0.72097081	0.40729924	0.612176315	0.519798909	1
0.5385	-0.1554	0.28998225	0.02414916	0.156155442	0.084089705	1
0.2345	-0.2793	0.05499025	0.07800849	0.012895214	0.003023928	1
0.3525	0.2422	0.12425625	0.05866084	0.043800328	0.015439616	1
-1.0241	0.0798	1.04878081	0.00636804	-1.074056428	1.099941187	1
0.1964	0.5101	0.03857296	0.26020201	0.007575729	0.001487873	1
0.4173	0.0458	0.17413929	0.00209764	0.072668326	0.030324492	1.00E+00
-0.6877	-0.1913	0.47293129	0.03659569	-0.325234848	0.223664005	1
1.1616	-0.2504	1.34931456	0.06270016	1.567363793	1.820649782	1
-1.67	-0.6318	2.7889	0.39917124	-4.657463	7.77796321	0
-0.0899	1.1966	0.00808201	1.43185156	-0.000726573	6.53189E-05	1
-0.8277	0.2123	0.68508729	0.04507129	-0.56704675	0.469344595	1
-0.003	0.4036	0.000009	0.16289296	-0.000000027	8.1E-11	1
0.3834	-0.7355	0.14699556	0.54096025	0.056358098	0.021607695	1
0.119	0.5823	0.014161	0.33907329	0.001685159	0.000200534	1
0.3855	-1.8915	0.14861025	3.57777225	0.057289251	0.022085006	0
0.8684	1.4811	0.75411856	2.19365721	0.654876558	0.568694803	0
-1.3137	0.2681	1.72580769	0.07187761	-2.267193562	2.978412183	0
1.1195	0.3447	1.25328025	0.11881809	1.40304724	1.570711385	1
-0.722	0.8349	0.521284	0.69705801	-0.376367048	0.271737009	1
0.3133	-0.0561	0.09815689	0.00314721	0.030752554	0.009634775	1
-1.6509	1.0122	2.72547081	1.02454884	-4.49947976	7.428191136	0
0.8423	-1.063	0.70946929	1.129969	0.597585983	0.503346673	0
0.6974	0.1912	0.48636676	0.03655744	0.339192178	0.236552625	1
0.2835	-0.076	0.08037225	0.005776	0.022785533	0.006459699	1
0.8726	-0.4232	0.76143076	0.17909824	0.664424481	0.579776802	1
-0.0919	-0.091	0.00844561	0.008281	-0.000776152	7.13283E-05	1
-1.3827	-0.0289	1.91185929	0.00083521	-2.64352784	3.655205945	0.00E+00
2.0542	0.095	4.21973764	0.009025	8.66818506	17.80618575	0
2.2221	1.4476	4.93772841	2.09554576	10.9721263	24.38116185	0
0.0453	0.4949	0.00205209	0.24492601	9.29597E-05	4.21107E-06	1
-1.1546	0.3474	1.33310116	0.12068676	-1.539198599	1.777158703	1
1.1349	-0.8944	1.28799801	0.79995136	1.461748942	1.658938874	0
-0.8224	-0.5267	0.67634176	0.27741289	-0.556223463	0.457438176	1
-0.2694	-0.7759	0.07257636	0.60202081	-0.019552071	0.005267328	1
0.6249	-0.367	0.39050001	0.134689	0.244023456	0.152490258	1
1.4109	1.4061	1.99063881	1.97711721	2.808592297	3.962642872	0
0.372	-1.839	0.138384	3.381921	0.051478848	0.019150131	0
-0.747	0.5333	0.558009	0.28440889	-0.416832723	0.311374044	1
1.5797	-0.276	2.49545209	0.076176	3.942065667	6.227281133	0
0.4272	-1.4076	0.18249984	1.98133776	0.077963932	0.033306192	0
0.6871	0.0205	0.47210641	0.00042025	0.324384314	0.222884462	1.00E+00
0.883	0.2526	0.779689	0.06380676	0.688465387	0.607914937	1
0.7653	0.2276	0.58568409	0.05180176	0.448224034	0.343025853	1
-0.5144	0.4258	0.26460736	0.18130564	-0.136114026	0.070017055	1
1.2943	1.2752	1.67521249	1.62613504	2.168227526	2.806336887	0
-0.4385	-2.2238	0.19228225	4.94528644	-0.084315767	0.036972464	0
0.5559	-0.7481	0.30902481	0.55965361	0.171786892	0.095496333	1
0.7423	0.4837	0.55100929	0.23396569	0.409014196	0.303611238	1
-0.35	0.418	0.1225	0.174724	-0.042875	0.01500625	1
1.724	-0.6795	2.972176	0.46172025	5.124031424	8.833830175	0
-1.3687	-2.7335	1.87333969	7.47202225	-2.564040034	3.509401594	0
-0.4503	-0.7575	0.20277009	0.57380625	-0.091307372	0.041115709	1
0.5981	0.3848	0.35772361	0.14807104	0.213954491	0.127966181	1
-1.1952	-0.1	1.42850304	0.01	-1.707346833	2.040620935	1
-0.2428	0.8793	0.05895184	0.77316849	-0.014313507	0.003475319	1
0.4726	1.2759	0.22335076	1.62792081	0.105555569	0.049885562	0
-0.0755	-0.8957	0.00570025	0.80227849	-0.000430369	3.24929E-05	1
1.0369	0.9893	1.07516161	0.97871449	1.114835073	1.155972488	0
-0.6283	-0.0759	0.39476089	0.00576081	-0.248028267	0.15583616	1
-1.6678	0.5492	2.78155684	0.30162064	-4.639080498	7.737058454	0
-0.0598	-1.568	0.00357604	2.458624	-0.000213847	1.27881E-05	0
1.5024	-0.7067	2.25720576	0.49942489	3.391225934	5.094977843	0
1.1734	-0.3355	1.37686756	0.11256025	1.615616395	1.895764278	1
-1.478	-1.7831	2.184484	3.17944561	-3.228667352	4.771970346	0
0.4282	-1.0841	0.18335524	1.17527281	0.078512714	0.033619144	1
-0.6843	0.5131	0.46826649	0.26327161	-0.320434759	0.219273506	1
-0.3284	1.5253	0.10784656	2.32654009	-0.03541681	0.011630881	0
-0.8625	-0.7832	0.74390625	0.61340224	-0.641619141	0.553396509	1
0.6047	0.2185	0.36566209	0.04774225	0.221115866	0.133708764	1
0.4368	-1.4373	0.19079424	2.06583129	0.083338924	0.036402442	0
0.0666	1.8716	0.00443556	3.50288656	0.000295408	1.96742E-05	0
3.2542	-0.0882	10.58981764	0.00777924	34.46138456	112.1442376	0
-2.3264	1.213	5.41213696	1.471369	-12.59079542	29.29122647	0
0.0409	-0.5039	0.00167281	0.25391521	6.84179E-05	2.79829E-06	1
-0.3388	-0.4641	0.11478544	0.21538881	-0.038889307	0.013175697	1
2.0122	1.8447	4.04894884	3.40291809	8.147294856	16.39398671	0
-0.0086	-1.6424	0.00007396	2.69747776	-6.36056E-07	5.47008E-09	0
0.7146	1.0466	0.51065316	1.09537156	0.364912748	0.26076665	0
0.3751	0.817	0.14070001	0.667489	0.052776574	0.019796493	1
-1.789	-1.1957	3.200521	1.42969849	-5.725732069	10.24333467	0
-0.2165	1.5251	0.04687225	2.32593001	-0.010147842	0.002197008	0
2.0978	-0.7817	4.40076484	0.61105489	9.231924481	19.36673118	0
0.4898	0.7782	0.23990404	0.60559524	0.117504999	0.057553948	1
-0.3513	-0.0167	0.12341169	0.00027889	-0.043354527	0.015230445	1.00E+00
-1.3198	0.0638	1.74187204	0.00407044	-2.298922718	3.034118204	0
1.0773	-0.1851	1.16057529	0.03426201	1.25028776	1.346935004	1
0.8543	-1.1534	0.72982849	1.33033156	0.623492479	0.532649625	0
-1.7087	-1.6682	2.91965569	2.78289124	-4.988815678	8.524389348	0
0.324	0.2999	0.104976	0.08994001	0.034012224	0.011019961	1
-1.5401	-2.4737	2.37190801	6.11919169	-3.652975526	5.625947608	0
0.7613	0.6808	0.57957769	0.46348864	0.441232495	0.335910299	1
-0.3045	1.1378	0.09272025	1.29458884	-0.028233316	0.008597045	1
2.1749	0.727	4.73019001	0.528529	10.28769025	22.37469753	0
0.3252	-1.7431	0.10575504	3.03839761	0.034391539	0.011184128	0
0.3333	0.2688	0.11108889	0.07225344	0.037025927	0.012340741	1
-1.2672	0.5107	1.60579584	0.26081449	-2.034864488	2.57858028	0
0.0702	-1.1195	0.00492804	1.25328025	0.000345948	2.42856E-05	1
-0.3954	0.6699	0.15634116	0.44876601	-0.061817295	0.024442558	1
-0.3919	0.8752	0.15358561	0.76597504	-0.060190201	0.02358854	1
-0.7466	0.3095	0.55741156	0.09579025	-0.416163471	0.310707647	1
-1.7731	-0.7708	3.14388361	0.59413264	-5.574420029	9.884004153	0.00E+00
0.8349	0.4135	0.69705801	0.17098225	0.581973733	0.485889869	1
0.6384	0.2045	0.40755456	0.04182025	0.260182831	0.166100719	1
-0.6605	0.9514	0.43626025	0.90516196	-0.288149895	0.190323006	1
0.5581	0.0556	0.31147561	0.00309136	0.173834538	0.097017056	1
-0.1547	0.9406	0.02393209	0.88472836	-0.003702294	0.000572745	1
0.1736	-0.0597	0.03013696	0.00356409	0.005231776	0.000908236	1
-0.052	1.268	0.002704	1.607824	-0.000140608	7.31162E-06	0
-2.5755	0.5751	6.63320025	0.33074001	-17.08380724	43.99934556	0
-1.3355	0.4127	1.78356025	0.17032129	-2.381944714	3.181087165	0
-0.6408	0.9487	0.41062464	0.90003169	-0.263128269	0.168612595	1
1.5111	-0.8101	2.28342321	0.65626201	3.450480813	5.214021556	0
0.3877	0.0281	0.15031129	0.00078961	0.058275687	0.022593484	1.00E+00
1.5722	-0.0614	2.47181284	0.00376996	3.886184147	6.109858716	0
-0.1573	-1.792	0.02474329	3.211264	-0.00389212	0.00061223	0
-0.4856	-1.138	0.23580736	1.295044	-0.114508054	0.055605111	0
0.9126	-0.2793	0.83283876	0.07800849	0.760048652	0.6936204	1
-0.2882	0.7985	0.08305924	0.63760225	-0.023937673	0.006898837	1
-1.7562	-0.4246	3.08423844	0.18028516	-5.416539548	9.512526755	0
1.359	-0.1904	1.846881	0.03625216	2.509911279	3.410969428	0
1.5398	1.1494	2.37098404	1.32112036	3.650841225	5.621565318	0
-0.0064	1.307	0.00004096	1.708249	-2.62144E-07	1.67772E-09	0
0.5276	0.4481	0.27836176	0.20079361	0.146863665	0.077485269	1
0.4082	0.9478	0.16662724	0.89832484	0.068017239	0.027764637	1
1.2405	-0.5608	1.53884025	0.31449664	1.90893133	2.368029315	0
0.1845	-2.3753	0.03404025	5.64205009	0.006280426	0.001158739	0
-0.6791	-0.0426	0.46117681	0.00181476	-0.313185172	0.21268405	1.00E+00
-0.3154	0.5322	0.09947716	0.28323684	-0.031375096	0.009895705	1
-0.3036	-0.0697	0.09217296	0.00485809	-0.027983711	0.008495855	1
-0.0897	-0.0015	0.00804609	0.00000225	-0.000721734	6.47396E-05	1.00E+00
0.2843	0.7324	0.08082649	0.53640976	0.022978971	0.006532921	1
0.0379	-1.2874	0.00143641	1.65739876	5.44399E-05	2.06327E-06	0
-0.59	1.7534	0.3481	3.07441156	-0.205379	0.12117361	0
-0.2358	1.0021	0.05560164	1.00420441	-0.013110867	0.003091542	1
1.1241	1.4318	1.26360081	2.05005124	1.420413671	1.596687007	0
0.358	0.7314	0.128164	0.53494596	0.045882712	0.016426011	1
-1.0011	-1.0165	1.00220121	1.03327225	-1.003303631	1.004407265	0
1.1273	-0.899	1.27080529	0.808201	1.432578803	1.614946085	0
-1.4238	-1.2302	2.02720644	1.51339204	-2.886336529	4.10956595	0
-2.0535	-0.2295	4.21686225	0.05267025	-8.65932663	17.78192724	0
0.6984	0.9927	0.48776256	0.98545329	0.340653372	0.237912315	1
1.979	-0.2724	3.916441	0.07420176	7.750636739	15.33851011	0
-0.4958	-1.6774	0.24581764	2.81367076	-0.121876386	0.060426312	0
1.0593	-0.2901	1.12211649	0.08415801	1.188657998	1.259145417	1
-0.8334	-2.577	0.69455556	6.640929	-0.578842604	0.482407426	0
0.7899	-0.3836	0.62394201	0.14714896	0.492851794	0.389303632	1
-1.1392	0.353	1.29777664	0.124609	-1.478427148	1.684224207	1
1.1777	-0.7549	1.38697729	0.56987401	1.633443154	1.923706003	0
0.4394	-0.8151	0.19307236	0.66438801	0.084835995	0.037276936	1
1.5694	0.6063	2.46301636	0.36759969	3.865457875	6.06644959	0
0.8097	0.7782	0.65561409	0.60559524	0.530850729	0.429829835	1
-0.573	-1.4651	0.328329	2.14651801	-0.188132517	0.107799932	0
-0.7011	-2.1448	0.49154121	4.60016704	-0.344619542	0.241612761	0
0.3222	0.1621	0.10381284	0.02627641	0.033448497	0.010777106	1
-0.6516	1.2892	0.42458256	1.66203664	-0.276657996	0.18027035	0
0.3691	1.0773	0.13623481	1.16057529	0.050284268	0.018559923	1
0.8891	0.1367	0.79049881	0.01868689	0.702832492	0.624888369	1
0.8592	-1.3097	0.73822464	1.71531409	0.634282611	0.544975619	0
-2.5762	0.3593	6.63680644	0.12909649	-17.09774075	44.04719972	0
-2.2129	-1.249	4.89692641	1.560001	-10.83640845	23.97988826	0
-0.5356	-1.3145	0.28686736	1.72791025	-0.153646158	0.082292882	0
0.3682	0.2448	0.13557124	0.05992704	0.049917331	0.018379561	1
1.3119	-0.4868	1.72108161	0.23697424	2.257886964	2.962121908	0
-1.1262	2.2445	1.26832644	5.03778025	-1.428389237	1.608651958	0
-0.3025	-0.804	0.09150625	0.646416	-0.027680641	0.008373394	1
0.6984	0.0044	0.48776256	0.00001936	0.340653372	0.237912315	1.00E+00
0.2161	-0.102	0.04669921	0.010404	0.010091699	0.002180816	1
0.1974	0.0366	0.03896676	0.00133956	0.007692038	0.001518408	1.00E+00
-0.0408	1.0561	0.00166464	1.11534721	-6.79173E-05	2.77103E-06	1
1.3175	0.0584	1.73580625	0.00341056	2.286924734	3.013023338	0
-0.6388	1.1894	0.40806544	1.41467236	-0.260672203	0.166517403	0
0.7805	2.4102	0.60918025	5.80906404	0.475465185	0.371100577	0
-0.6575	0.9748	0.43230625	0.95023504	-0.284241359	0.186888694	1
1.3444	-0.5858	1.80741136	0.34316164	2.429883832	3.266735824	0
-0.1095	-0.6083	0.01199025	0.37002889	-0.001312932	0.000143766	1
-0.396	-0.4328	0.156816	0.18731584	-0.062099136	0.024591258	1
-0.2114	0.8429	0.04468996	0.71048041	-0.009447458	0.001997193	1
-0.4771	-0.5334	0.22762441	0.28451556	-0.108599606	0.051812872	1
1.8399	-0.1149	3.38523201	0.01320201	6.228488375	11.45979576	0
-0.8477	0.3117	0.71859529	0.09715689	-0.609153227	0.516379191	1.00E+00
0.1654	1.0713	0.02735716	1.14768369	0.004524874	0.000748414	1
-0.7838	-0.8972	0.61434244	0.80496784	-0.481521604	0.377416634	1
2.5227	-0.0122	6.36401529	0.00014884	16.05450137	40.50069061	0.00E+00
0.4015	-1.1062	0.16120225	1.22367844	0.064722703	0.025986165	1
-0.3099	-0.0279	0.09603801	0.00077841	-0.029762179	0.009223299	1.00E+00
-0.6765	-0.1359	0.45765225	0.01846881	-0.309601747	0.209445582	1
0.5831	-0.2178	0.34000561	0.04743684	0.198257271	0.115603815	1
-0.8039	-0.74	0.64625521	0.5476	-0.519524563	0.417645796	1
0.8254	-1.127	0.68128516	1.270129	0.562332771	0.464149469	0
-0.6264	-0.8557	0.39237696	0.73222249	-0.245784928	0.153959679	1
1.5493	-0.1037	2.40033049	0.01075369	3.718832028	5.761586461	0
0.9026	-1.1192	0.81468676	1.25260864	0.73533627	0.663714517	0
1.5342	-1.0511	2.35376964	1.10481121	3.611153382	5.540231518	0
-2.2774	-0.6907	5.18655076	0.47706649	-11.8118507	26.90030879	0
-0.7264	-0.5436	0.52765696	0.29550096	-0.383290016	0.278421867	1
-0.3999	-0.5007	0.15992001	0.25070049	-0.063952012	0.02557441	1
0.3477	-0.4024	0.12089529	0.16192576	0.042035292	0.014615671	1
1.2204	2.8333	1.48937616	8.02758889	1.817634666	2.218241346	0
-1.0857	-1.1444	1.17874449	1.30965136	-1.279762893	1.389438573	0
0.1402	0.4909	0.01965604	0.24098281	0.002755777	0.00038636	1
-0.3561	-0.2413	0.12680721	0.05822569	-0.045156047	0.016080069	1
-1.0722	0.382	1.14961284	0.145924	-1.232614887	1.321609682	1
0.3059	0.902	0.09357481	0.813604	0.028624534	0.008756245	1
-1.3444	0.0578	1.80741136	0.00334084	-2.429883832	3.266735824	0
0.6623	-2.0239	0.43864129	4.09617121	0.290512126	0.192406181	0
2.2827	-0.603	5.21071929	0.363609	11.89450892	27.15159552	0
-0.9523	-0.7408	0.90687529	0.54878464	-0.863617339	0.822422792	1
-0.0045	-1.1939	0.00002025	1.42539721	-9.1125E-08	4.10063E-10	1
0.1698	-0.9417	0.02883204	0.88679889	0.00489568	0.000831287	1
1.0147	0.3425	1.02961609	0.11730625	1.044751447	1.060109293	1
-0.5189	0.6449	0.26925721	0.41589601	-0.139717566	0.072499445	1
-0.9048	1.0628	0.81866304	1.12954384	-0.740726319	0.670209173	0
-0.9112	-0.3679	0.83028544	0.13535041	-0.756556093	0.689373912	1
1.0519	0.2205	1.10649361	0.04862025	1.163920628	1.224328109	1
1.3353	-0.018	1.78302609	0.000324	2.380874738	3.179182038	0
0.6241	1.9801	0.38950081	3.92079601	0.243087456	0.151710881	0
-0.8953	1.2268	0.80156209	1.50503824	-0.717638539	0.642501784	0
-1.3604	-1.3585	1.85068816	1.84552225	-2.517676173	3.425046666	0
-0.486	0.0765	0.236196	0.00585225	-0.114791256	0.05578855	1
-0.3438	0.1356	0.11819844	0.01838736	-0.040636624	0.013970871	1
0.6352	0.8018	0.40347904	0.64288324	0.256289886	0.162795336	1
-0.7859	-0.158	0.61763881	0.024964	-0.485402341	0.3814777	1
1.4633	0.795	2.14124689	0.632025	3.133286574	4.584938244	0
-0.3512	0.3979	0.12334144	0.15832441	-0.043317514	0.015213111	1
-0.5724	0.6084	0.32764176	0.37015056	-0.187542143	0.107349123	1
0.0532	1.1907	0.00283024	1.41776649	0.000150569	8.01026E-06	1
-0.6489	0.3438	0.42107121	0.11819844	-0.273233108	0.177300964	1
-1.5526	-0.3128	2.41056676	0.09784384	-3.742645952	5.810832104	0
-2.185	-0.3679	4.774225	0.13535041	-10.43168163	22.79322435	0
1.1951	0.131	1.42826401	0.017161	1.706918318	2.039938082	1
-1.4744	-0.4059	2.17385536	0.16475481	-3.205132343	4.725647126	0
-0.9451	0.544	0.89321401	0.295936	-0.844176561	0.797831268	1.00E+00
-0.2475	-0.3292	0.06125625	0.10837264	-0.015160922	0.003752328	1
1.1721	0.82	1.37381841	0.6724	1.610252558	1.887377024	0
1.1298	0.8445	1.27644804	0.71318025	1.442130996	1.629319599	0
-0.4163	0.8112	0.17330569	0.65804544	-0.072147159	0.030034862	1
0.434	0.4515	0.188356	0.20385225	0.081746504	0.035477983	1
0.3546	-0.6813	0.12574116	0.46416969	0.044587815	0.015810839	1
-0.8701	1.0167	0.75707401	1.03367889	-0.658730096	0.573161057	0
-0.2057	-0.1315	0.04231249	0.01729225	-0.008703679	0.001790347	1
0.4001	-1.1417	0.16008001	1.30347889	0.064048012	0.02562561	1
2.1538	1.1666	4.63885444	1.36095556	9.991164693	21.51897052	0
-0.9251	-0.0848	0.85581001	0.00719104	-0.79170984	0.732410773	1
-0.8995	0.4852	0.80910025	0.23541904	-0.727785675	0.654643215	1
0.4146	-0.6032	0.17189316	0.36385024	0.071266904	0.029547258	1
-0.8862	0.1976	0.78535044	0.03904576	-0.69597756	0.616775314	1
0.1466	-1.102	0.02149156	1.214404	0.003150663	0.000461887	1
-0.669	0.6989	0.447561	0.48846121	-0.299418309	0.200310849	1
-0.6625	-1.1962	0.43890625	1.43089444	-0.290775391	0.192638696	0
0.4244	-1.7521	0.18011536	3.06985441	0.076440959	0.032441543	0
0.353	-1.0847	0.124609	1.17657409	0.043986977	0.015527403	1
0.1699	1.7907	0.02886601	3.20660649	0.004904335	0.000833247	0
-1.6437	-1.8271	2.70174969	3.33829441	-4.440865965	7.299451387	0
0.0743	0.2517	0.00552049	0.06335289	0.000410172	3.04758E-05	1
-0.2287	-2.1344	0.05230369	4.55566336	-0.011961854	0.002735676	0
-0.3334	0.2555	0.11115556	0.06528025	-0.037059264	0.012355559	1
-0.3415	0.6223	0.11662225	0.38725729	-0.039826498	0.013600749	1
0.5667	0.678	0.32114889	0.459684	0.181995076	0.10313661	1
1.1077	0.9953	1.22699929	0.99062209	1.359147114	1.505527258	0
0.7719	-0.5581	0.59582961	0.31147561	0.459920876	0.355012924	1
0.5	2.1767	0.25	4.73802289	0.125	0.0625	0
0.2215	-0.5555	0.04906225	0.30858025	0.010867288	0.002407104	1
0.0117	1.4506	0.00013689	2.10424036	1.60161E-06	1.87389E-08	0
-1.0997	-1.7496	1.20934009	3.06110016	-1.329911297	1.462503453	0
-1.4705	-1.2142	2.16237025	1.47428164	-3.179765453	4.675845098	0
1.3868	0.0714	1.92321424	0.00509796	2.667113508	3.698753013	0
-0.1955	-0.4766	0.03822025	0.22714756	-0.007472059	0.001460788	1
-1.4933	-1.7715	2.22994489	3.13821225	-3.329976704	4.972654212	0
1.5181	0.1543	2.30462761	0.02380849	3.498655175	5.311308421	0
2.1853	1.1233	4.77553609	1.26180289	10.43597902	22.80574495	0
-0.3637	-2.0556	0.13227769	4.22549136	-0.048109396	0.017497387	0
0.7815	0.4679	0.61074225	0.21893041	0.477295068	0.373006096	1
0.5557	1.9167	0.30880249	3.67373889	0.171601544	0.095358978	0
0.2726	0.1989	0.07431076	0.03956121	0.020257113	0.005522089	1
-0.2027	-1.1295	0.04108729	1.27577025	-0.008328394	0.001688165	1
0.6711	-0.5755	0.45037521	0.33120025	0.302246803	0.20283783	1
1.451	0.3812	2.105401	0.14531344	3.054936851	4.432713371	0
0.0818	-2.253	0.00669124	5.076009	0.000547343	4.47727E-05	0
-1.1305	-1.4377	1.27803025	2.06698129	-1.444813198	1.63336132	0
0.004	0.5302	0.000016	0.28111204	0.000000064	2.56E-10	1
0.1214	0.5131	0.01473796	0.26327161	0.001789188	0.000217207	1
-1.3715	-1.2672	1.88101225	1.60579584	-2.579808301	3.538207085	0
0.2816	0.2915	0.07929856	0.08497225	0.022330474	0.006288262	1
-0.2718	0.4682	0.07387524	0.21921124	-0.02007929	0.005457551	1
-0.206	-1.1557	0.042436	1.33564249	-0.008741816	0.001800814	1
0.9113	-1.2435	0.83046769	1.54629225	0.756805206	0.689676584	0
0.4017	0.1983	0.16136289	0.03932289	0.064819473	0.026037982	1
1.2805	-0.2091	1.63968025	0.04372281	2.09961056	2.688551322	0
-1.106	-1.5992	1.223236	2.55744064	-1.352899016	1.496306312	0
0.1943	-0.4702	0.03775249	0.22108804	0.007335309	0.001425251	1
-0.3301	-0.0618	0.10896601	0.00381924	-0.03596968	0.011873591	1
-0.019	1.6396	0.000361	2.68828816	-0.000006859	1.30321E-07	0
0.0802	-1.0404	0.00643204	1.08243216	0.00051585	4.13711E-05	1
0.752	0.591	0.565504	0.349281	0.425259008	0.319794774	1
0.7946	0.6334	0.63138916	0.40119556	0.501701827	0.398652271	1
-0.9303	3.6023	0.86545809	12.97656529	-0.805135661	0.749017706	0
0.7893	-0.2778	0.62299449	0.07717284	0.491729551	0.388122135	1
0.3517	-0.6045	0.12369289	0.36542025	0.043502789	0.015299931	1
0.3373	-0.4563	0.11377129	0.20820969	0.038375056	0.012943906	1
-1.0867	0.1626	1.18091689	0.02643876	-1.283302384	1.394564701	1
-0.0487	0.5984	0.00237169	0.35808256	-0.000115501	5.62491E-06	1
-0.3333	1.8504	0.11108889	3.42398016	-0.037025927	0.012340741	0
1.3446	2.2821	1.80794916	5.20798041	2.430968441	3.268680165	0
-0.0283	-1.1843	0.00080089	1.40256649	-2.26652E-05	6.41425E-07	1
0.1899	-0.7976	0.03606201	0.63616576	0.006848176	0.001300469	1
1.5	-0.0069	2.25	0.00004761	3.375	5.0625	0.00E+00
1.4515	-0.3514	2.10685225	0.12348196	3.058096041	4.438826403	0
0.7378	1.2426	0.54434884	1.54405476	0.401620574	0.29631566	0
-1.2256	-1.2444	1.50209536	1.54853136	-1.840968073	2.256290471	0
0.2159	0.2997	0.04661281	0.08982009	0.010063706	0.002172754	1
1.2899	-1.4726	1.66384201	2.16855076	2.146189809	2.768370234	0
0.0437	-0.2592	0.00190969	0.06718464	8.34535E-05	3.64692E-06	1
0.933	0.8579	0.870489	0.73599241	0.812166237	0.757751099	0
-0.6067	0.1357	0.36808489	0.01841449	-0.223317103	0.135486486	1
0.9441	0.3565	0.89132481	0.12709225	0.841499753	0.794459917	1
-2.4387	-0.4623	5.94725769	0.21372129	-14.50357733	35.36987403	0
1.7354	-1.2311	3.01161316	1.51560721	5.226353478	9.069813825	0
-0.4153	-0.5473	0.17247409	0.29953729	-0.07162849	0.029747312	1
-0.1187	0.582	0.01408969	0.338724	-0.001672446	0.000198519	1
-0.1147	1.1902	0.01315609	1.41657604	-0.001509004	0.000173083	1
2.028	1.5328	4.112784	2.34947584	8.340725952	16.91499223	0
-0.1867	-0.1459	0.03485689	0.02128681	-0.006507781	0.001215003	1
-1.727	0.6764	2.982529	0.45751696	-5.150827583	8.895479236	0
-0.8585	1.0743	0.73702225	1.15412049	-0.632733602	0.543201797	0
-0.1262	-0.1253	0.01592644	0.01570009	-0.002009917	0.000253651	1
-0.2531	0.0053	0.06405961	0.00002809	-0.016213487	0.004103634	1.00E+00
-0.3513	-0.3706	0.12341169	0.13734436	-0.043354527	0.015230445	1
0.4449	-0.7956	0.19793601	0.63297936	0.088061731	0.039178664	1
0.2393	-0.3447	0.05726449	0.11881809	0.013703392	0.003279222	1
1.2359	0.4933	1.52744881	0.24334489	1.887773984	2.333099867	0
-0.8674	-0.0772	0.75238276	0.00595984	-0.652616806	0.566079818	1
0.1046	-0.2929	0.01094116	0.08579041	0.001144445	0.000119709	1
-2.266	-0.5805	5.134756	0.33698025	-11.6353571	26.36571918	0
2.3782	1.0157	5.65583524	1.03164649	13.45070737	31.98847226	0
1.4359	0.2795	2.06180881	0.07812025	2.96055127	4.251055569	0
-1.8984	0.7308	3.60392256	0.53406864	-6.841686588	12.98825782	0
0.3497	0.3485	0.12229009	0.12145225	0.042764844	0.014954866	1
0.8692	0.33	0.75550864	0.1089	0.65668811	0.570793305	1
1.1786	0.829	1.38909796	0.687241	1.637190856	1.929593142	0
-0.507	-0.1759	0.257049	0.03094081	-0.130323843	0.066074188	1
0.0117	0.3355	0.00013689	0.11256025	1.60161E-06	1.87389E-08	1
1.357	0.3733	1.841449	0.13935289	2.498846293	3.39093442	0
0.5962	0.4346	0.35545444	0.18887716	0.211921937	0.126347859	1
-2.094	0.6539	4.384836	0.42758521	-9.181846584	19.22678675	0
-0.468	0.8532	0.219024	0.72795024	-0.102503232	0.047971513	1
0.064	1.1742	0.004096	1.37874564	0.000262144	1.67772E-05	1
-0.2773	1.1247	0.07689529	1.26495009	-0.021323064	0.005912886	1
-1.4598	1.7674	2.13101604	3.12370276	-3.110857215	4.541229363	0
0.6221	1.0323	0.38700841	1.06564329	0.240757932	0.149775509	1
1.3834	0.4725	1.91379556	0.22325625	2.647544778	3.662613445	0
-0.1748	0.6008	0.03055504	0.36096064	-0.005341021	0.00093361	1
-1.4366	-0.2063	2.06381956	0.04255969	-2.96488318	4.259351176	0
0.103	0.9331	0.010609	0.87067561	0.001092727	0.000112551	1
1.1352	-2.0077	1.28867904	4.03085929	1.462908446	1.660693668	0
0.5474	-0.5053	0.29964676	0.25532809	0.164026636	0.089788181	1
-1.9421	-0.2981	3.77175241	0.08886361	-7.325120355	14.22611624	0
0.9198	-0.5184	0.84603204	0.26873856	0.77818027	0.715770213	1
0.7929	1.3854	0.62869041	1.91933316	0.498488626	0.395251632	0
-0.1302	0.758	0.01695204	0.574564	-0.002207156	0.000287372	1
-1.2133	0.0962	1.47209689	0.00925444	-1.786095157	2.167069254	1
-0.0382	1.7479	0.00145924	3.05515441	-5.5743E-05	2.12938E-06	0
-1.616	-0.8676	2.611456	0.75272976	-4.220112896	6.81970244	0
0.1289	0.9096	0.01661521	0.82737216	0.002141701	0.000276065	1
-0.7491	-0.2548	0.56115081	0.06492304	-0.420358072	0.314890232	1
-0.3711	0.621	0.13771521	0.385641	-0.051106114	0.018965479	1
0.2185	-1.3804	0.04774225	1.90550416	0.010431682	0.002279322	0
0.8216	1.112	0.67502656	1.236544	0.554601822	0.455660857	0
0.2114	0.5278	0.04468996	0.27857284	0.009447458	0.001997193	1
-1.0853	-2.3601	1.17787609	5.57007201	-1.27834892	1.387392083	0
-0.521	-0.0658	0.271441	0.00432964	-0.141420761	0.073680216	1
0.2753	0.7861	0.07579009	0.61795321	0.020865012	0.005744138	1
-1.5064	0.7422	2.26924096	0.55086084	-3.418384582	5.149454535	0
-0.4412	0.3222	0.19465744	0.10381284	-0.085882863	0.037891519	1
-1.0971	-1.7733	1.20362841	3.14459289	-1.320500729	1.448721349	0
-0.8973	-0.3184	0.80514729	0.10137856	-0.722458663	0.648262159	1
-0.5576	-0.4968	0.31091776	0.24681024	-0.173367743	0.096669853	1
-1.6129	1.366	2.60144641	1.865956	-4.195872915	6.767523424	0
-0.816	1.0028	0.665856	1.00560784	-0.543338496	0.443364213	0
-0.3645	-0.5039	0.13286025	0.25391521	-0.048427561	0.017651846	1
-0.2468	-0.0536	0.06091024	0.00287296	-0.015032647	0.003710057	1
0.7084	0.4325	0.50183056	0.18705625	0.355496769	0.251833911	1
0.1593	0.8248	0.02537649	0.68029504	0.004042475	0.000643966	1
-0.8444	-0.1808	0.71301136	0.03268864	-0.602066792	0.508385199	1
-0.5047	-0.337	0.25472209	0.113569	-0.128558239	0.064883343	1
-0.6955	-0.81	0.48372025	0.6561	-0.336427434	0.23398528	1
2.2432	0.386	5.03194624	0.148996	11.28766181	25.32048296	0
1.4482	-1.5801	2.09728324	2.49671601	3.037285588	4.398596989	0
0.0108	-1.1444	0.00011664	1.30965136	1.25971E-06	1.36049E-08	1
-1.8421	0.3086	3.39333241	0.09523396	-6.250857632	11.51470484	0
-1.7652	-0.3501	3.11593104	0.12257001	-5.500241472	9.709026246	0
0.0493	1.1452	0.00243049	1.31148304	0.000119823	5.90728E-06	1
-0.2981	0.2976	0.08886361	0.08856576	-0.026490242	0.007896741	1
-1.938	0.4761	3.755844	0.22667121	-7.278825672	14.10636415	0
-1.3168	-1.4183	1.73396224	2.01157489	-2.283281478	3.00662505	0
0.2424	0.4465	0.05875776	0.19936225	0.014242881	0.003452474	1
1.3783	-1.3968	1.89971089	1.95105024	2.61837152	3.608901466	0
0.3344	-0.7039	0.11182336	0.49547521	0.037393732	0.012504464	1
-0.1798	0.0242	0.03232804	0.00058564	-0.005812582	0.001045102	1.00E+00
-0.9466	-1.3349	0.89605156	1.78195801	-0.848202407	0.802908398	0
0.5032	0.6098	0.25321024	0.37185604	0.127415393	0.064115426	1
0.4486	0.147	0.20124196	0.021609	0.090277143	0.040498326	1
-0.6969	0.7879	0.48566961	0.62078641	-0.338463151	0.23587497	1
0.6958	-0.172	0.48413764	0.029584	0.33686297	0.234389254	1
1.1241	-0.2335	1.26360081	0.05452225	1.420413671	1.596687007	1
-2.0004	1.6747	4.00160016	2.80462009	-8.00480096	16.01280384	0
1.1036	0.3706	1.21793296	0.13734436	1.344110815	1.483360695	1
-1.6848	0.1999	2.83855104	0.03996001	-4.782390792	8.057372007	0
0.3069	0.8119	0.09418761	0.65918161	0.028906178	0.008871306	1
-0.3204	-1.47	0.10265616	2.1609	-0.032891034	0.010538287	0
0.2083	1.2847	0.04338889	1.65045409	0.009037906	0.001882596	0
-1.8134	-1.1183	3.28841956	1.25059489	-5.96322003	10.8137032	0
-0.2781	-0.0208	0.07733961	0.00043264	-0.021508146	0.005981415	1.00E+00
-0.5338	1.4169	0.28494244	2.00760561	-0.152102274	0.081192194	0
2.8893	1.7164	8.34805449	2.94602896	24.12003384	69.69001377	0
1.7897	0.4735	3.20302609	0.22420225	5.732455793	10.25937613	0
-2.4984	0.5146	6.24200256	0.26481316	-15.5950192	38.96259596	0
1.9003	-0.856	3.61114009	0.732736	6.862249513	13.04033275	0
-1.325	-0.4037	1.755625	0.16297369	-2.326203125	3.082219141	0
-0.0058	0.7708	0.00003364	0.59413264	-1.95112E-07	1.13165E-09	1
1.7248	-0.1887	2.97493504	0.03560769	5.131167957	8.850238492	0
0.2885	-0.7425	0.08323225	0.55130625	0.024012504	0.006927607	1
-0.0202	-1.0916	0.00040804	1.19159056	-8.24241E-06	1.66497E-07	1
0.3803	0.0404	0.14462809	0.00163216	0.055002063	0.020917284	1.00E+00
-1.2384	-0.8352	1.53363456	0.69755904	-1.899253039	2.352034964	0
-1.4772	0.8903	2.18211984	0.79263409	-3.223427428	4.761646996	0
0.348	-0.4542	0.121104	0.20629764	0.042144192	0.014666179	1
-0.5042	1.0679	0.25421764	1.14041041	-0.128176534	0.064626608	1
1.4758	0.0685	2.17798564	0.00469225	3.214271208	4.743621448	0
0.9616	0.0399	0.92467456	0.00159201	0.889167057	0.855023042	1.00E+00
0.3654	0.8692	0.13351716	0.75550864	0.04878717	0.017826832	1
-0.4533	0.1353	0.20548089	0.01830609	-0.093144487	0.042222396	1
-0.0243	0.4458	0.00059049	0.19873764	-1.43489E-05	3.48678E-07	1
-0.7326	0.9876	0.53670276	0.97535376	-0.393188442	0.288049853	0
0.2679	0.6976	0.07177041	0.48664576	0.019227293	0.005150992	1
-0.4695	-0.3962	0.22043025	0.15697444	-0.103492002	0.048589495	1
0.8165	-0.0631	0.66667225	0.00398161	0.544337892	0.444451889	1
-0.2913	1.0737	0.08485569	1.15283169	-0.024718462	0.007200488	1
0.3119	0.3869	0.09728161	0.14969161	0.030342134	0.009463712	1
-0.508	-1.4329	0.258064	2.05320241	-0.131096512	0.066597028	0
1.4441	-1.035	2.08542481	1.071225	3.011561968	4.348996638	0
-1.2928	-0.8205	1.67133184	0.67322025	-2.160697803	2.793350119	0
-0.4914	-0.8264	0.24147396	0.68293696	-0.118660304	0.058309673	1
-0.6021	-1.104	0.36252441	1.218816	-0.218275947	0.131423948	0
-0.0191	-0.9166	0.00036481	0.84015556	-6.96787E-06	1.33086E-07	1
-0.142	0.8352	0.020164	0.69755904	-0.002863288	0.000406587	1
0.1336	1.1267	0.01784896	1.26945289	0.002384621	0.000318585	1
0.0816	-2.5925	0.00665856	6.72105625	0.000543338	4.43364E-05	0
0.5005	0.0262	0.25050025	0.00068644	0.125375375	0.062750375	1.00E+00
-0.0412	-1.1821	0.00169744	1.39736041	-6.99345E-05	2.8813E-06	1
-1.4181	-0.2719	2.01100761	0.07392961	-2.851809892	4.044151607	0
-0.5225	0.4003	0.27300625	0.16024009	-0.142645766	0.074532413	1
0.6351	-0.1729	0.40335201	0.02989441	0.256168862	0.162692844	1
-0.3458	0.6954	0.11957764	0.48358116	-0.041349948	0.014298812	1
-0.0939	-1.3754	0.00881721	1.89172516	-0.000827936	7.77432E-05	0
0.4473	0.5071	0.20007729	0.25715041	0.089494572	0.040030922	1
-0.347	-0.0351	0.120409	0.00123201	-0.041781923	0.014498327	1.00E+00
0.8282	-0.6741	0.68591524	0.45441081	0.568075002	0.470479716	1
-1.176	-1.1708	1.382976	1.37077264	-1.626379776	1.912622617	0
-0.2778	-0.7856	0.07717284	0.61716736	-0.021438615	0.005955647	1
0.7021	-1.3312	0.49294441	1.77209344	0.34609627	0.242994191	0
0.6377	-0.8168	0.40666129	0.66716224	0.259327905	0.165373405	1
2.3068	-0.8783	5.32132624	0.77141089	12.27523537	28.31651295	0
0.3642	-1.5956	0.13264164	2.54593936	0.048308085	0.017593805	0
0.5551	0.1305	0.30813601	0.01703025	0.171046299	0.094947801	1
1.573	-0.2368	2.474329	0.05607424	3.892119517	6.122304	0
0.0335	-0.4578	0.00112225	0.20958084	3.75954E-05	1.25945E-06	1
0.5802	-1.2756	0.33663204	1.62715536	0.19531391	0.11332113	0
-0.2319	-0.4231	0.05377761	0.17901361	-0.012471028	0.002892031	1
-0.4038	1.8931	0.16305444	3.58382761	-0.065841383	0.02658675	0
-0.4954	0.1512	0.24542116	0.02286144	-0.121581643	0.060231546	1
0.042	-0.5201	0.001764	0.27050401	0.000074088	3.1117E-06	1
1.8841	1.6139	3.54983281	2.60467321	6.688239997	12.60131298	0
0.5427	-1.5119	0.29452329	2.28584161	0.159837789	0.086743968	0
0.9287	-1.015	0.86248369	1.030225	0.800988603	0.743878116	0
0.8324	0.327	0.69288976	0.106929	0.576761436	0.48009622	1
0.6086	0.9413	0.37039396	0.88604569	0.225421764	0.137191686	1
0.6444	0.1564	0.41525136	0.02446096	0.267587976	0.172433692	1
-0.1743	-1.6757	0.03038049	2.80797049	-0.005295319	0.000922974	0
1.3931	-0.6732	1.94072761	0.45319824	2.703627633	3.766423656	0
-1.1113	0.1704	1.23498769	0.02903616	-1.37244182	1.525194594	1
1.6922	0.3048	2.86354084	0.09290304	4.845683809	8.199866142	0
-1.1424	-1.6751	1.30507776	2.80596001	-1.490920833	1.70322796	0
1.0131	-0.7767	1.02637161	0.60326289	1.039817078	1.053438682	0
1.0314	-0.3422	1.06378596	0.11710084	1.097188839	1.131640569	1
-1.6171	0.396	2.61501241	0.156816	-4.228736568	6.838289904	0
1.3764	-1.3548	1.89447696	1.83548304	2.607558088	3.589042952	0
-0.5567	0.0759	0.30991489	0.00576081	-0.172529619	0.096047239	1
-0.1001	-1.0519	0.01002001	1.10649361	-0.001003003	0.000100401	1
-0.0938	-1.5648	0.00879844	2.44859904	-0.000825294	7.74125E-05	0
-0.3312	-1.4685	0.10969344	2.15649225	-0.036330467	0.012032651	0
0.169	-0.7082	0.028561	0.50154724	0.004826809	0.000815731	1
0.4282	-0.3134	0.18335524	0.09821956	0.078512714	0.033619144	1
0.008	0.2059	0.000064	0.04239481	0.000000512	4.096E-09	1
2.265	0.9978	5.130225	0.99560484	11.61995963	26.31920855	0
0.0206	0.0577	0.00042436	0.00332929	8.74182E-06	1.80081E-07	1
-1.3797	0.825	1.90357209	0.680625	-2.626358413	3.623586702	0
-1.7185	-1.9168	2.95324225	3.67412224	-5.075146807	8.721639787	0
-0.7875	1.608	0.62015625	2.585664	-0.488373047	0.384593774	0
0.2913	0.5324	0.08485569	0.28344976	0.024718462	0.007200488	1
0.8933	-1.6303	0.79798489	2.65787809	0.712839902	0.636779885	0
-0.1168	0.9053	0.01364224	0.81956809	-0.001593414	0.000186111	1
-1.9414	0.9822	3.76903396	0.96471684	-7.31720253	14.20561699	0
0.6328	0.7165	0.40043584	0.51337225	0.2533958	0.160348862	1
2.4624	1.5345	6.06341376	2.35469025	14.93055004	36.76498642	0
-0.8276	0.1423	0.68492176	0.02024929	-0.566841249	0.469117817	1
-0.3266	-1.7356	0.10666756	3.01230736	-0.034837625	0.011377968	0
0.1726	0.6532	0.02979076	0.42667024	0.005141885	0.000887489	1
0.371	-0.5657	0.137641	0.32001649	0.051064811	0.018945045	1
0.5163	0.0249	0.26656569	0.00062001	0.137627866	0.071057267	1.00E+00
0.1451	-1.4991	0.02105401	2.24730081	0.003054937	0.000443271	0
-0.0314	1.8464	0.00098596	3.40919296	-3.09591E-05	9.72117E-07	0
1.6977	-0.5233	2.88218529	0.27384289	4.893085967	8.306992046	0
-0.0402	-1.5361	0.00161604	2.35960321	-6.49648E-05	2.61159E-06	0
0.4144	-1.6645	0.17172736	2.77056025	0.071163818	0.029490286	0
-1.5297	0.5145	2.33998209	0.26471025	-3.579470603	5.475516182	0
-1.702	0.8325	2.896804	0.69305625	-4.930360408	8.391473414	0
-0.1439	0.4937	0.02070721	0.24373969	-0.002979768	0.000428789	1
0.3988	1.242	0.15904144	1.542564	0.063425726	0.02529418	0
0.9457	0.6067	0.89434849	0.36808489	0.845785367	0.799859222	1
-1.5137	-1.4023	2.29128769	1.96644529	-3.468322176	5.249999278	0
0.6211	1.4468	0.38576521	2.09323024	0.239598772	0.148814797	0
-0.0388	0.2195	0.00150544	0.04818025	-5.84111E-05	2.26635E-06	1
-1.0916	0.6704	1.19159056	0.44943616	-1.300740255	1.419888063	0
-1.5109	-0.7661	2.28281881	0.58690921	-3.44911094	5.211261719	0
0.0143	1.2554	0.00020449	1.57602916	2.92421E-06	4.18162E-08	0
-1.1465	-1.0184	1.31446225	1.03713856	-1.50703097	1.727811007	0
0.3228	2.5697	0.10419984	6.60335809	0.033635708	0.010857607	0
0.0763	-1.1219	0.00582169	1.25865961	0.000444195	3.38921E-05	1
-0.1304	0.413	0.01700416	0.170569	-0.002217342	0.000289141	1
0.5503	1.9554	0.30283009	3.82358916	0.166647399	0.091706063	0
-0.9592	1.1096	0.92006464	1.23121216	-0.882526003	0.846518942	0
-0.1664	0.0929	0.02768896	0.00863041	-0.004607443	0.000766679	1
-0.5084	-1.6167	0.25847056	2.61371889	-0.131406433	0.06680703	0
0.5193	0.2571	0.26967249	0.06610041	0.140040924	0.072723252	1
-1.0418	0.5798	1.08534724	0.33616804	-1.130714755	1.177978631	1
-0.688	1.1456	0.473344	1.31239936	-0.325660672	0.224054542	0
0.2869	0.2961	0.08231161	0.08767521	0.023615201	0.006775201	1
1.6471	1.6814	2.71293841	2.82710596	4.468480855	7.360034816	0
1.8978	0.8834	3.60164484	0.78039556	6.835201577	12.97184555	0
1.5351	-0.3962	2.35653201	0.15697444	3.617512289	5.553243114	0
-0.2307	-1.5017	0.05322249	2.25510289	-0.012278428	0.002832633	0
0.7132	1.4016	0.50865424	1.96448256	0.362772204	0.258729136	0
-0.4244	1.5316	0.18011536	2.34579856	-0.076440959	0.032441543	0
-0.7529	0.0178	0.56685841	0.00031684	-0.426787697	0.321328457	1.00E+00
0.7555	-0.3978	0.57078025	0.15824484	0.431224479	0.325790094	1
-1.0526	-0.4098	1.10796676	0.16793604	-1.166245812	1.227590341	1
-0.9213	0.0258	0.84879369	0.00066564	-0.781993627	0.720450728	1.00E+00
-0.7807	0.4681	0.60949249	0.21911761	-0.475830787	0.371481095	1
0.7311	-1.597	0.53450721	2.550409	0.390778221	0.285697958	0
-0.8169	-0.4497	0.66732561	0.20223009	-0.545138291	0.44532347	1
-0.6385	0.5514	0.40768225	0.30404196	-0.260305117	0.166204817	1
0.9311	1.1482	0.86694721	1.31836324	0.807214547	0.751597465	0
1.3971	-0.2908	1.95188841	0.08456464	2.726983298	3.809868365	0
2.3397	-0.9496	5.47419609	0.90174016	12.80797659	29.96682283	0
1.935	-0.1752	3.744225	0.03069504	7.245075375	14.01922085	0
1.0338	0.4693	1.06874244	0.22024249	1.104865934	1.142210403	1
1.4491	1.2749	2.09989081	1.62537001	3.042951773	4.409541414	0
-0.5646	0.5739	0.31877316	0.32936121	-0.179979326	0.101616328	1
1.392	0.1671	1.937664	0.02792241	2.697228288	3.754541777	0
0.6698	0.3108	0.44863204	0.09659664	0.30049374	0.201270707	1
0.9958	-0.219	0.99161764	0.047961	0.987452846	0.983305544	1
-0.4084	-0.399	0.16679056	0.159201	-0.068117265	0.027819091	1
0.5887	0.583	0.34656769	0.339889	0.204024399	0.120109164	1
-1.135	-1.0952	1.288225	1.19946304	-1.462135375	1.659523651	0
1.269	0.9102	1.610361	0.82846404	2.043548109	2.59326255	0
-1.3917	0.6381	1.93682889	0.40717161	-2.695484766	3.751306149	0
-0.0421	0.0847	0.00177241	0.00717409	-7.46185E-05	3.14144E-06	1
-1.6821	1.8191	2.82946041	3.30912481	-4.759435356	8.005846212	0
0.8217	0.1199	0.67519089	0.01437601	0.554804354	0.455882738	1
0.7662	1.3833	0.58706244	1.91351889	0.449807242	0.344642308	0
0.8747	-0.4497	0.76510009	0.20223009	0.669233049	0.585378148	1
-0.5599	0.1431	0.31348801	0.02047761	-0.175521937	0.098274732	1
0.9168	0.2792	0.84052224	0.07795264	0.77059079	0.706477636	1
0.1374	-0.0184	0.01887876	0.00033856	0.002593942	0.000356408	1.00E+00
-0.9074	-1.3963	0.82337476	1.94965369	-0.747130257	0.677945995	0
0.1527	-0.8686	0.02331729	0.75446596	0.00356055	0.000543696	1
-0.7543	-0.0225	0.56896849	0.00050625	-0.429172932	0.323725143	1.00E+00
-0.142	0.3702	0.020164	0.13704804	-0.002863288	0.000406587	1
-0.1122	-0.1085	0.01258884	0.01177225	-0.001412468	0.000158479	1
0.0171	0.7375	0.00029241	0.54390625	5.00021E-06	8.55036E-08	1
0.7058	-0.0172	0.49815364	0.00029584	0.351596839	0.248157049	1.00E+00
-1.2917	1.0887	1.66848889	1.18526769	-2.155187099	2.783855176	0
0.2477	1.2099	0.06135529	1.46385801	0.015197705	0.003764472	0
-1.1548	-0.5488	1.33356304	0.30118144	-1.539998599	1.778390382	0
-0.8014	0.1509	0.64224196	0.02277081	-0.514692707	0.412474735	1
1.0054	0.2927	1.01082916	0.08567329	1.016287637	1.021775591	1
0.5987	-1.6407	0.35844169	2.69189649	0.21459904	0.128480445	0
0.9862	-0.7645	0.97259044	0.58446025	0.959168692	0.945932164	0
-0.6472	-0.6095	0.41886784	0.37149025	-0.271091266	0.175450267	1
-1.0865	-0.6316	1.18048225	0.39891856	-1.282593965	1.393538343	0
1.8406	-0.2704	3.38780836	0.07311616	6.235600067	11.47724548	0
0.1852	-1.5344	0.03429904	2.35438336	0.006352182	0.001176424	0
-1.0976	0.4814	1.20472576	0.23174596	-1.322306994	1.451364157	1
0.5101	-0.2341	0.26020201	0.05480281	0.132729045	0.067705086	1
0.4668	-0.787	0.21790224	0.619369	0.101716766	0.047481386	1
-1.2102	0.2105	1.46458404	0.04431025	-1.772439605	2.14500641	0
-1.4128	-0.1006	1.99600384	0.01012036	-2.819954225	3.984031329	0
1.1153	-0.262	1.24389409	0.068644	1.387315079	1.547272507	1
1.5759	-0.0561	2.48346081	0.00314721	3.91368589	6.167577595	0
0.7792	-0.2186	0.60715264	0.04778596	0.473093337	0.368634328	1
0.8065	0.9895	0.65044225	0.97911025	0.524581675	0.423075121	0
0.6966	1.1895	0.48525156	1.41491025	0.338026237	0.235469076	0
0.3274	0.2769	0.10719076	0.07667361	0.035094255	0.011489859	1
0.5449	1.2965	0.29691601	1.68091225	0.161789534	0.088159117	0
1.4922	0.2036	2.22666084	0.04145296	3.322623305	4.958018496	0
0.753	-0.6287	0.567009	0.39526369	0.426957777	0.321499206	1
-2.4992	-0.0494	6.24600064	0.00244036	-15.6100048	39.01252399	0
-0.3703	-0.5857	0.13712209	0.34304449	-0.05077631	0.018802468	1
-0.5147	-0.5634	0.26491609	0.31741956	-0.136352312	0.070180535	1
0.4054	-1.7407	0.16434916	3.03003649	0.066627149	0.027010646	0
0.2348	0.6195	0.05513104	0.38378025	0.012944768	0.003039432	1
1.8496	-1.0844	3.42102016	1.17592336	6.327518888	11.70337894	0
0.2971	-1.0762	0.08826841	1.15820644	0.026224545	0.007791312	1
0.7422	-0.6629	0.55086084	0.43943641	0.408848915	0.303447665	1
-0.4183	-0.3708	0.17497489	0.13749264	-0.073191996	0.030616212	1
-0.8973	0.9665	0.80514729	0.93412225	-0.722458663	0.648262159	0
-0.6319	-0.9778	0.39929761	0.95609284	-0.25231616	0.159438581	1
0.8387	-0.1702	0.70341769	0.02896804	0.589956417	0.494796447	1
-1.0379	-0.6179	1.07723641	0.38180041	-1.11806367	1.160438283	1
0.0467	-2.2469	0.00218089	5.04855961	0.000101848	4.75628E-06	0
-0.3261	-1.1112	0.10634121	1.23476544	-0.034677869	0.011308453	1
1.1335	-1.4728	1.28482225	2.16913984	1.45634602	1.650768214	0
0.7036	0.5247	0.49505296	0.27531009	0.348319263	0.245077433	1
0.0567	-0.9861	0.00321489	0.97239321	0.000182284	1.03355E-05	1
0.8527	-0.1931	0.72709729	0.03728761	0.619995859	0.528670469	1
-0.6828	-0.009	0.46621584	0.000081	-0.318332176	0.217357209	1
0.9955	0.0162	0.99102025	0.00026244	0.986560659	0.982121136	1.00E+00
-0.7464	0.4163	0.55711296	0.17330569	-0.415829113	0.31037485	1
-0.3106	0.8986	0.09647236	0.80748196	-0.029964315	0.009306916	1
0.4808	0.4574	0.23116864	0.20921476	0.111145882	0.05343894	1
0.5724	-2.0571	0.32764176	4.23166041	0.187542143	0.107349123	0
1.7358	1.2629	3.01300164	1.59491641	5.229968247	9.078178883	0
0.9909	-0.3106	0.98188281	0.09647236	0.972947676	0.964093853	1
-1.3719	-1.1967	1.88210961	1.43209089	-2.582066174	3.542336584	0
1.8045	0.8137	3.25622025	0.66210769	5.875849441	10.60297032	0
0.1055	0.2465	0.01113025	0.06076225	0.001174241	0.000123882	1
-1.2302	-1.9682	1.51339204	3.87381124	-1.861774888	2.290355467	0
-0.9467	-1.52	0.89624089	2.3104	-0.848471251	0.803247733	0
-1.1639	-1.0291	1.35466321	1.05904681	-1.57669251	1.835112413	0
-0.4211	0.3844	0.17732521	0.14776336	-0.074671646	0.03144423	1
1.2837	0.2033	1.64788569	0.04133089	2.11539086	2.715527247	0
1.3649	-0.2982	1.86295201	0.08892324	2.542743198	3.470590192	0
-1.2115	0.5282	1.46773225	0.27899524	-1.778157621	2.154237958	0
0.7205	-0.716	0.51912025	0.512656	0.37402614	0.269485834	1
0.6487	0.6267	0.42081169	0.39275289	0.272980543	0.177082478	1
-1.1369	2.7274	1.29254161	7.43871076	-1.469490556	1.670663814	0
0.1721	1.2569	0.02961841	1.57979761	0.005097328	0.00087725	0
-0.466	1.085	0.217156	1.177225	-0.101194696	0.047156728	1
-0.2608	-0.5139	0.06801664	0.26409321	-0.01773874	0.004626263	1
-1.1627	1.7027	1.35187129	2.89918729	-1.571820749	1.827555985	0
1.2398	0.5176	1.53710404	0.26790976	1.905701589	2.36268883	0
-0.196	-1.4817	0.038416	2.19543489	-0.007529536	0.001475789	0
0.4806	0.0389	0.23097636	0.00151321	0.111007239	0.053350079	1.00E+00
-0.3018	-0.9883	0.09108324	0.97673689	-0.027488922	0.008296157	1
0.6682	0.9272	0.44649124	0.85969984	0.298345447	0.199354427	1
1.8826	-0.0002	3.54418276	0.00000004	6.672278464	12.56123144	0.00E+00
-0.3273	-0.9846	0.10712529	0.96943716	-0.035062107	0.011475828	1
-2.5574	0.6816	6.54029476	0.46457856	-16.72614982	42.77545555	0
-0.7855	-0.5572	0.61701025	0.31047184	-0.484661551	0.380701649	1
2.2913	-0.4065	5.25005569	0.16524225	12.0294526	27.56308475	0
0.3604	-2.4132	0.12988816	5.82353424	0.046811693	0.016870934	0
-0.5425	-0.7304	0.29430625	0.53348416	-0.159661141	0.086616169	1
-1.131	0.1361	1.279161	0.01852321	-1.446731091	1.636252864	1
-0.6238	0.56	0.38912644	0.3136	-0.242737073	0.151419386	1
0.2797	0.8947	0.07823209	0.80048809	0.021881516	0.00612026	1
-0.7359	0.1375	0.54154881	0.01890625	-0.398525769	0.293275114	1
-0.3243	1.0119	0.10517049	1.02394161	-0.03410679	0.011060832	1
0.88	-0.1855	0.7744	0.03441025	0.681472	0.59969536	1
-2.4805	-0.1829	6.15288025	0.03345241	-15.26221946	37.85793537	0
-1.1967	0.033	1.43209089	0.001089	-1.713783168	2.050884317	1
0.0953	-1.1355	0.00908209	1.28936025	0.000865523	8.24844E-05	1
-0.8979	1.2462	0.80622441	1.55301444	-0.723908898	0.649997799	0
1.8399	0.3255	3.38523201	0.10595025	6.228488375	11.45979576	0
1.069	-0.2757	1.142761	0.07601049	1.221611509	1.305902703	1
1.0546	-0.3983	1.11218116	0.15864289	1.172906251	1.236946933	1
-0.1095	-1.181	0.01199025	1.394761	-0.001312932	0.000143766	1
0.066	0.4656	0.004356	0.21678336	0.000287496	1.89747E-05	1
0.251	0.3388	0.063001	0.11478544	0.015813251	0.003969126	1
0.9954	-0.1358	0.99082116	0.01844164	0.986263383	0.981726571	1
0.2717	3.0412	0.07382089	9.24889744	0.020057136	0.005449524	0
-0.0735	0.2426	0.00540225	0.05885476	-0.000397065	2.91843E-05	1
0.3149	-2.3789	0.09916201	5.65916521	0.031226117	0.009833104	0
-0.8766	0.5175	0.76842756	0.26780625	-0.673603599	0.590480915	1
0.0414	0.2462	0.00171396	0.06061444	7.09579E-05	2.93766E-06	1
-0.2799	-0.2942	0.07834401	0.08655364	-0.021928488	0.006137784	1
0.1129	-0.8279	0.01274641	0.68541841	0.00143907	0.000162471	1
-0.8273	1.081	0.68442529	1.168561	-0.566225042	0.468437978	0
-2.1983	1.7868	4.83252289	3.19265424	-10.62333507	23.35327748	0
-0.8798	0.5873	0.77404804	0.34492129	-0.681007466	0.599150368	1
1.8016	0.372	3.24576256	0.138384	5.847565828	10.5349746	0
-0.7422	-0.5927	0.55086084	0.35129329	-0.408848915	0.303447665	1
-0.9036	-0.3956	0.81649296	0.15649936	-0.737783039	0.666660754	1
-0.5231	-0.3894	0.27363361	0.15163236	-0.143137741	0.074875353	1
0.3163	1.0634	0.10004569	1.13081956	0.031644452	0.01000914	1
-0.7457	1.3555	0.55606849	1.83738025	-0.414660273	0.309212166	0
0.8158	-0.3673	0.66552964	0.13490929	0.54293908	0.442929702	1
0.4233	-1.127	0.17918289	1.270129	0.075848117	0.032106508	1
-0.749	-0.3822	0.561001	0.14607684	-0.420189749	0.314722122	1
-0.6357	0.1831	0.40411449	0.03352561	-0.256895581	0.163308521	1
-0.7169	-0.1513	0.51394561	0.02289169	-0.368447608	0.26414009	1
-0.5225	-1.0561	0.27300625	1.11534721	-0.142645766	0.074532413	1
0.5393	0.8426	0.29084449	0.70997476	0.156852433	0.084590517	1
0.2215	-0.6414	0.04906225	0.41139396	0.010867288	0.002407104	1
-2.0572	-1.0573	4.23207184	1.11788329	-8.706218189	17.91043206	0
0.5205	0.2128	0.27092025	0.04528384	0.14101399	0.073397782	1
1.1055	-0.3077	1.22213025	0.09467929	1.351064991	1.493602348	1
-1.3891	-1.417	1.92959881	2.007889	-2.680405707	3.723351568	0
0.0032	2.7324	0.00001024	7.46600976	3.2768E-08	1.04858E-10	0
0.4551	0.7193	0.20711601	0.51739249	0.094258496	0.042897042	1
-0.0817	1.5881	0.00667489	2.52206161	-0.000545339	4.45542E-05	0
-1.3986	0.1381	1.95608196	0.01907161	-2.735776229	3.826256634	0
1.0456	-0.5013	1.09327936	0.25130169	1.143132899	1.195259759	1
-0.7656	0.4895	0.58614336	0.23961025	-0.448751356	0.343564038	1
-0.3764	0.1933	0.14167696	0.03736489	-0.053327208	0.020072361	1
1.013	0.046	1.026169	0.002116	1.039509197	1.053022817	1
0.1157	-1.2248	0.01338649	1.50013504	0.001548817	0.000179198	0
-0.8502	1.0074	0.72284004	1.01485476	-0.614558602	0.522497723	0
-0.2294	1.8825	0.05262436	3.54380625	-0.012072028	0.002769323	0
-0.6462	-0.7138	0.41757444	0.50951044	-0.269836603	0.174368413	1
1.0779	-1.8092	1.16186841	3.27320464	1.252377959	1.349938202	0
0.6083	2.404	0.37002889	5.779216	0.225088574	0.136921379	0
0.777	-0.4424	0.603729	0.19571776	0.469097433	0.364488705	1
-1.4675	-0.3252	2.15355625	0.10575504	-3.160343797	4.637804522	0
0.0374	-0.8683	0.00139876	0.75394489	5.23136E-05	1.95653E-06	1
-0.1248	-0.8236	0.01557504	0.67831696	-0.001943765	0.000242582	1
-1.4481	-0.5972	2.09699361	0.35664784	-3.036656447	4.3973822	0
-0.014	-0.7875	0.000196	0.62015625	-0.000002744	3.8416E-08	1
-1.426	-0.0234	2.033476	0.00054756	-2.899736776	4.135024643	0.00E+00
0.9715	-0.9825	0.94381225	0.96530625	0.916913601	0.890781563	0
-0.6478	-0.7837	0.41964484	0.61418569	-0.271845927	0.176101792	1
1.267	1.0577	1.605289	1.11872929	2.033901163	2.576952774	0
-1.5405	0.5433	2.37314025	0.29517489	-3.655822555	5.631794646	0
0.2816	2.0839	0.07929856	4.34263921	0.022330474	0.006288262	0
-0.3037	0.917	0.09223369	0.840889	-0.028011372	0.008507054	1
-0.6142	1.501	0.37724164	2.253001	-0.231701815	0.142311255	0
-0.2368	0.9229	0.05607424	0.85174441	-0.01327838	0.00314432	1
0.1331	0.2624	0.01771561	0.06885376	0.002357948	0.000313843	1
1.2288	-0.5404	1.50994944	0.29203216	1.855425872	2.279947311	0
2.1521	1.5548	4.63153441	2.41740304	9.967525204	21.45111099	0
-1.0133	-0.1952	1.02677689	0.03810304	-1.040433023	1.054270782	1
-0.7983	-0.5778	0.63728289	0.33385284	-0.508742931	0.406129482	1
-2.3639	0.3638	5.58802321	0.13235044	-13.20952807	31.2260034	0
-1.6215	-3.0201	2.62926225	9.12100401	-4.263348738	6.913019979	0
-2.1029	1.034	4.42218841	1.069156	-9.299420007	19.55575033	0
0.7877	1.2921	0.62047129	1.66952241	0.488745235	0.384984622	0
-0.9919	-0.0482	0.98386561	0.00232324	-0.975896299	0.967991539	1
-0.7395	0.2881	0.54686025	0.08300161	-0.404403155	0.299056133	1
-1.6782	-0.2379	2.81635524	0.05659641	-4.726407364	7.931856838	0
-1.1754	-0.2326	1.38156516	0.05410276	-1.623891689	1.908722291	1
0.1326	-1.0313	0.01758276	1.06357969	0.002331474	0.000309153	1
-1.9251	-0.7166	3.70601001	0.51351556	-7.13443987	13.73451019	0
1.6806	1.3317	2.82441636	1.77342489	4.746714135	7.977327775	0
1.9776	-0.269	3.91090176	0.072361	7.734199321	15.29515258	0
0.7082	-0.2548	0.50154724	0.06492304	0.355195755	0.251549634	1
2.2149	-1.2307	4.90578201	1.51462249	10.86581657	24.06669713	0
1.1188	-0.1169	1.25171344	0.01366561	1.400416997	1.566786536	1
2.4411	1.6088	5.95896921	2.58823744	14.54643974	35.50931405	0
-0.4148	0.8713	0.17205904	0.75916369	-0.07137009	0.029604313	1
0.8354	0.8047	0.69789316	0.64754209	0.583019946	0.487054863	1
-0.8276	-0.1703	0.68492176	0.02900209	-0.566841249	0.469117817	1
-1.5211	-1.7048	2.31374521	2.90634304	-3.519437839	5.353416897	0
0.1177	0.2704	0.01385329	0.07311616	0.001630532	0.000191914	1
0.5816	1.5949	0.33825856	2.54370601	0.196731178	0.114418853	0
0.3528	-2.6149	0.12446784	6.83770201	0.043912254	0.015492243	0
-1.7337	-0.3985	3.00571569	0.15880225	-5.211009292	9.034326809	0
-0.1852	-0.9315	0.03429904	0.86769225	-0.006352182	0.001176424	1
1.3845	-0.2394	1.91684025	0.05731236	2.653865326	3.674276544	0
-0.232	0.1678	0.053824	0.02815684	-0.012487168	0.002897023	1
0.2756	-0.5543	0.07595536	0.30724849	0.020933297	0.005769217	1
2.7995	0.4348	7.83720025	0.18905104	21.9402421	61.42170776	0
1.7469	-0.8284	3.05165961	0.68624656	5.330944173	9.312626375	0
-1.1708	0.2828	1.37077264	0.07997584	-1.604900607	1.879017631	1
0.2808	1.5155	0.07884864	2.29674025	0.022140698	0.006217108	0
0.5495	0.8503	0.30195025	0.72301009	0.165921662	0.091173953	1
1.4201	0.1303	2.01668401	0.01697809	2.863892963	4.067014396	0
-0.1932	-1.452	0.03732624	2.108304	-0.00721143	0.001393248	0
-0.3977	-2.1347	0.15816529	4.55694409	-0.062902336	0.025016259	0
0.1815	1.0322	0.03294225	1.06543684	0.005979018	0.001085192	1
-0.9973	0.1502	0.99460729	0.02256004	-0.99192185	0.989243661	1
-0.2276	0.5549	0.05180176	0.30791401	-0.011790081	0.002683422	1
0.0078	-1.0724	0.00006084	1.15004176	4.74552E-07	3.70151E-09	1
-0.4837	0.5701	0.23396569	0.32501401	-0.113169204	0.054739944	1
-0.0084	0.1129	0.00007056	0.01274641	-5.92704E-07	4.97871E-09	1
-2.0544	-0.2494	4.22055936	0.06220036	-8.670717149	17.81312131	0
-0.4636	-0.4849	0.21492496	0.23512801	-0.099639211	0.046192738	1
-0.7977	-1.2608	0.63632529	1.58961664	-0.507596684	0.404909875	0
0.4852	-1.0835	0.23541904	1.17397225	0.114225318	0.055422124	1
1.8569	-1.1076	3.44807761	1.22677776	6.402735314	11.8892392	0
-0.3668	-0.1776	0.13454224	0.03154176	-0.049350094	0.018101614	1
0.6428	-0.8775	0.41319184	0.77000625	0.265599715	0.170727497	1
0.3217	-0.5623	0.10349089	0.31618129	0.033293019	0.010710364	1
-0.8749	1.9078	0.76545001	3.63970084	-0.669692214	0.585913718	0
0.9347	1.3529	0.87366409	1.83033841	0.816613825	0.763288942	0
-1.2897	1.5241	1.66332609	2.32288081	-2.145191658	2.766653682	0
0.5084	0.4383	0.25847056	0.19210689	0.131406433	0.06680703	1
0.0767	0.6913	0.00588289	0.47789569	0.000451218	3.46084E-05	1
-0.5147	-0.417	0.26491609	0.173889	-0.136352312	0.070180535	1
0.6618	-0.1724	0.43797924	0.02972176	0.289854661	0.191825815	1
-0.1637	-0.4351	0.02679769	0.18931201	-0.004386782	0.000718116	1
-1.817	-0.1136	3.301489	0.01290496	-5.998805513	10.89982962	0
0.2754	0.7908	0.07584516	0.62536464	0.020887757	0.005752488	1
-1.0866	0.5624	1.18069956	0.31629376	-1.282948142	1.394051451	1
1.169	0.3109	1.366561	0.09665881	1.597509809	1.867488967	1
0.2362	0.4447	0.05579044	0.19775809	0.013177702	0.003112573	1
0.1445	0.6934	0.02088025	0.48080356	0.003017196	0.000435985	1
-0.2641	0.2119	0.06974881	0.04490161	-0.018420661	0.004864896	1
0.2345	-0.3975	0.05499025	0.15800625	0.012895214	0.003023928	1
0.3066	0.1952	0.09400356	0.03810304	0.028821491	0.008836669	1
2.2664	2.3828	5.13656896	5.67773584	11.64151989	26.38434068	0
-1.6015	0.381	2.56480225	0.145161	-4.107530803	6.578210582	0
-2.5771	0.6662	6.64144441	0.44382244	-17.11566639	44.10878385	0
0.1158	0.9015	0.01340964	0.81270225	0.001552836	0.000179818	1
-2.1695	-0.546	4.70673025	0.298116	-10.21125128	22.15330965	0
-0.2181	1.0722	0.04756761	1.14961284	-0.010374496	0.002262678	1
-0.6666	0.2867	0.44435556	0.08219689	-0.296207416	0.197451864	1
-1.6859	-0.7882	2.84225881	0.62125924	-4.791764128	8.078435143	0
-0.2344	1.1138	0.05494336	1.24055044	-0.012878724	0.003018773	1
0.0576	-0.8531	0.00331776	0.72777961	0.000191103	1.10075E-05	1
-2.1672	1.6632	4.69675584	2.76623424	-10.17880926	22.05951542	0
-0.2953	-0.1747	0.08720209	0.03052009	-0.025750777	0.007604205	1
0.683	0.5064	0.466489	0.25644096	0.318611987	0.217611987	1
0.5232	1.0262	0.27373824	1.05308644	0.143219847	0.074932624	1
0.0644	2.2317	0.00414736	4.98048489	0.00026709	1.72006E-05	0
-0.6884	-1.5262	0.47389456	2.32928644	-0.326229015	0.224576054	0
-1.2905	-0.7409	1.66539025	0.54893281	-2.149186118	2.773524685	0
-0.0021	0.0276	0.00000441	0.00076176	-9.261E-09	1.94481E-11	1.00E+00
-0.6237	0.2318	0.38900169	0.05373124	-0.242620354	0.151322315	1
-0.4858	1.1774	0.23600164	1.38627076	-0.114649597	0.055696774	0
0.2515	-0.2757	0.06325225	0.07601049	0.015907941	0.004000847	1
0.6721	-0.8072	0.45171841	0.65157184	0.303599943	0.204049522	1
0.1713	-0.2545	0.02934369	0.06477025	0.005026574	0.000861052	1
1.5551	-0.6451	2.41833601	0.41615401	3.760754329	5.848349057	0
-1.3137	0.7072	1.72580769	0.50013184	-2.267193562	2.978412183	0
0.9537	-0.7493	0.90954369	0.56145049	0.867431817	0.827269724	1
-1.0736	-0.3377	1.15261696	0.11404129	-1.237449568	1.328525856	1
-1.7054	1.0457	2.90838916	1.09348849	-4.959966873	8.458727506	0
0.2428	-1.0441	0.05895184	1.09014481	0.014313507	0.003475319	1
1.3044	-0.145	1.70145936	0.021025	2.219383589	2.894963954	0
-0.2481	-0.4862	0.06155361	0.23639044	-0.015271451	0.003788847	1
0.218	0.883	0.047524	0.779689	0.010360232	0.002258531	1
0.4921	-0.2653	0.24216241	0.07038409	0.119168122	0.058642633	1
1.3055	0.7732	1.70433025	0.59783824	2.225003141	2.904741601	0
-0.0737	-0.554	0.00543169	0.306916	-0.000400316	2.95033E-05	1
-0.0822	-0.2276	0.00675684	0.05180176	-0.000555412	4.56549E-05	1
0.7277	0.7854	0.52954729	0.61685316	0.385351563	0.280420332	1
-0.1401	0.5787	0.01962801	0.33489369	-0.002749884	0.000385259	1
0.9642	0.0737	0.92968164	0.00543169	0.896399037	0.864307952	1
-1.741	-0.3031	3.031081	0.09186961	-5.277112021	9.187452029	0
-0.4592	0.034	0.21086464	0.001156	-0.096829043	0.044463896	1
-0.8102	1.2485	0.65642404	1.55875225	-0.531834757	0.43089252	0
-1.6065	2.7072	2.58084225	7.32893184	-4.146123075	6.660746719	0
-0.3235	-1.6492	0.10465225	2.71986064	-0.033855003	0.010952093	0
-0.0825	0.7184	0.00680625	0.51609856	-0.000561516	4.6325E-05	1
0.8949	0.3179	0.80084601	0.10106041	0.716677094	0.641354332	1
0.4169	1.1523	0.17380561	1.32779529	0.072459559	0.03020839	0
1.2543	0.9845	1.57326849	0.96924025	1.973350667	2.475173742	0
-0.1755	1.2257	0.03080025	1.50234049	-0.005405444	0.000948655	0
1.0068	0.0298	1.01364624	0.00088804	1.020539034	1.0274787	1.00E+00
0.6353	-0.1409	0.40360609	0.01985281	0.256410949	0.162897876	1
-0.8218	1.1163	0.67535524	1.24612569	-0.555006936	0.4561047	0
0.7632	-0.9411	0.58247424	0.88566921	0.44454434	0.33927624	1
0.754	0.4494	0.568516	0.20196036	0.428661064	0.323210442	1
0.6006	0.3831	0.36072036	0.14676561	0.216648648	0.130119178	1
0.3456	0.0732	0.11943936	0.00535824	0.041278243	0.014265761	1
0.687	-0.2259	0.471969	0.05103081	0.324242703	0.222754737	1
-0.2397	0.013	0.05745609	0.000169	-0.013772225	0.003301202	1
-1.4243	-0.4233	2.02863049	0.17918289	-2.889378407	4.115341665	0
-1.5013	0.0855	2.25390169	0.00731025	-3.383782607	5.080072828	0
-1.3452	-0.7935	1.80956304	0.62964225	-2.434224201	3.274518396	0
0.6788	-1.082	0.46076944	1.170724	0.312770296	0.212308477	0
0.2897	-0.5518	0.08392609	0.30448324	0.024313388	0.007043589	1
-0.3004	1.1762	0.09024016	1.38344644	-0.027108144	0.008143286	1
-0.1068	1.2896	0.01140624	1.66306816	-0.001218186	0.000130102	0
-1.8063	0.969	3.26271969	0.938961	-5.893450576	10.64533978	0
-0.2899	1.4264	0.08404201	2.03461696	-0.024363779	0.007063059	0
0.0686	-0.0875	0.00470596	0.00765625	0.000322829	2.21461E-05	1
0.8398	1.1995	0.70526404	1.43880025	0.592280741	0.497397366	0
1.3969	0.3255	1.95132961	0.10595025	2.725812332	3.807687247	0
-0.2066	0.6063	0.04268356	0.36759969	-0.008818423	0.001821886	1
0.2787	-1.0641	0.07767369	1.13230881	0.021647657	0.006033202	1
-0.0188	0.5752	0.00035344	0.33085504	-6.64467E-06	1.2492E-07	1
